 periodo |        p50         |        p90        |        p99        |       max       
---------+--------------------+-------------------+-------------------+-----------------
 2024-09 |             968660 |           6988632 | 50066363.53600067 |  15875806214.94
 2024-10 |            1006968 |           7733652 | 59464202.32480011 |  29143946090.00
 2024-11 |          1011880.8 |         7196941.5 |          48028400 |  52881702923.42
 2024-12 |        1290688.875 |        9856000.07 |          75438904 |  29858052000.00
 2025-02 |            1624350 |        11533170.6 |        86536871.4 | 403570899169.34
 2025-04 |          1388194.5 |           9758000 |        68948504.8 |  20264021280.09
 2025-05 | 1298918.3199999998 |           8800000 |        65774120.3 |  55616404031.44
 2025-06 |         1285766.44 | 9875871.880000005 |       72601676.28 |  23947560000.00
 2025-07 |            1285200 |         9562994.7 |        76313081.6 |  24711299744.00
 2025-08 |         1249272.71 |         8965614.7 | 63530508.05000287 |  35323997247.00
 2025-09 |         1221352.93 |           8578710 |       70593257.35 |  59828716000.00
 2025-10 |         1194638.62 |         8210321.7 | 65870182.81199981 |  30594000000.00
(12 rows)

