 periodo | null_f_publicacion | null_f_cierre | null_org | null_prov | null_prod 
---------+--------------------+---------------+----------+-----------+-----------
 2024-09 |                  0 |         65279 |        0 |         0 |         0
 2024-10 |                  0 |         59340 |        0 |         0 |         0
 2024-11 |                  0 |        231038 |        0 |         0 |         0
 2024-12 |                  0 |        170156 |        0 |         0 |         0
 2025-02 |                  0 |        213571 |        0 |         0 |         0
 2025-03 |                  0 |        242436 |        0 |         0 |         0
 2025-04 |                  0 |        225161 |        0 |         0 |         0
 2025-05 |                  0 |        243532 |        0 |         0 |         0
 2025-06 |                  0 |        163844 |        0 |         0 |         0
 2025-07 |                  0 |        154710 |        0 |         0 |         0
 2025-08 |                  0 |        156424 |        0 |         0 |         0
 2025-09 |                  0 |        107656 |        0 |         0 |         0
 2025-10 |                  0 |         37417 |        0 |         0 |         0
(13 rows)

