 periodo | null_f_creacion | null_f_aceptacion | null_org | null_prov | null_prod 
---------+-----------------+-------------------+----------+-----------+-----------
 2024-09 |               0 |             67349 |        0 |         0 |         0
 2024-10 |               0 |             73950 |        0 |         0 |         0
 2024-11 |               0 |             48850 |        0 |         0 |         0
 2024-12 |               0 |             27592 |        0 |         0 |         0
 2025-02 |               0 |             45163 |        0 |         0 |         0
 2025-04 |               0 |             44993 |        0 |         0 |         0
 2025-05 |               0 |             40981 |        0 |         0 |         0
 2025-06 |               0 |             39424 |        0 |         0 |         0
 2025-07 |               0 |             38420 |        0 |         0 |         0
 2025-08 |               0 |             39249 |        0 |         0 |         0
 2025-09 |               0 |             36134 |        0 |         0 |         0
 2025-10 |               0 |             41024 |        0 |         0 |         0
(12 rows)

